bots: 335664 users: 616100
Processing positive data: Done
Processing negative data: Done
Fitting model: C:\Anaconda2\lib\site-packages\sklearn\utils\__init__.py:93: DeprecationWarning: Function transform is deprecated; Support to use estimators as feature selectors will be removed in version 0.19. Use SelectFromModel instead.
  warnings.warn(msg, category=DeprecationWarning)
Done
scores: 0.88764749315
[ 1.]
0                                             00000009  3.292007e-02
1                                            00くらいまで休憩  2.834464e-02
2                                              0405gmt  2.461653e-02
3                                                 01pm  2.129039e-02
4                                              0452gmt  2.095062e-02
5                                          00983t3gre8  1.830054e-02
6                                                 0126  1.746246e-02
7                                        0334gmt0gnov9  1.720998e-02
8                                               008420  1.552388e-02
9                                 00より開場しますので午前中から遊べます  1.544315e-02
10                                     03aのアップデートやっときた  1.526968e-02
11                                          0121600000  1.378468e-02
12                                        00144feab49a  1.341789e-02
13                                            03308ysj  1.211330e-02
14                                                 01h  1.181786e-02
15                                              02ztxj  1.159659e-02
16                                              00ljqb  1.097996e-02
17                                             0450gmt  1.071210e-02
18                                   0350gmtweds11nov9  1.052754e-02
19                                          000買ってきたので  1.046099e-02
20                                                01uq  1.027869e-02
21                                               000mg  1.005190e-02
22                                       0348gmt08nov9  9.667719e-03
23                                                0355  9.507695e-03
24                                               027d4  9.328820e-03
25                                            01100111  9.250433e-03
26                                                0431  9.042228e-03
27      04243239e424b316e56524c71f5f68ff738a498dc5642e  8.869048e-03
28                                                 01a  8.433238e-03
29                                 0150gmtsunday08nov9  8.056177e-03
30                                              002894  7.817622e-03
31                                                01am  7.777432e-03
32                                              00から18  7.397259e-03
33                                       0344gmt08nov9  7.386208e-03
34                                       0445514861175  6.973177e-03
35                                              01d30c  6.921816e-03
36                                           01天使界でセーブ  6.855514e-03
37                                            01d9a348  6.707333e-03
38                                                00pm  6.659772e-03
39                                            00006002  6.579223e-03
40                                                 034  6.547132e-03
41                                                0455  6.532059e-03
42                                                00hs  6.464758e-03
43                                                0152  6.317911e-03
44                                               03wok  5.890351e-03
45                    012a8900af91ec5a9ce093884130872b  5.877614e-03
46                                               04072  5.841975e-03
47                                              012308  5.689658e-03
48                                                 000  5.672521e-03
49                                              007621  5.577291e-03
50                                               00326  5.529161e-03
51                                                 041  5.436227e-03
52                                              01news  5.394090e-03
53                                               02184  5.241229e-03
54                                              041p3j  5.204089e-03
55                                              033010  5.031526e-03
56                                               02mm3  4.952692e-03
57                                              008087  4.949119e-03
58                                                 008  4.709004e-03
59                                               000pg  4.704691e-03
60                                              002892  4.704330e-03
61                                            00sage00  4.660787e-03
62                                                 00p  4.585202e-03
63                                               03aは1  4.583642e-03
64                                             0156253  4.402785e-03
65                                               00php  4.315316e-03
66                                               00gmt  4.226239e-03
67                                                0112  4.193913e-03
68                                                 043  4.146414e-03
69                                            00006350  4.133796e-03
70            01a5cd4ea5a8d3e5ca990cb66c94a447324a4fc5  4.067421e-03
71                                0352gmtweds11nov2009  4.063016e-03
72                                            00014514  3.843168e-03
73                                              012346  3.751254e-03
74                                                 011  3.689466e-03
75                                            00000008  3.567804e-03
76                                          0459226039  3.550770e-03
77                                              000364  3.497016e-03
78                                              02d381  3.493646e-03
79                                       0400gmt11nov9  3.482650e-03
80                                               02301  3.414190e-03
81                                0358gmtweds11nov2009  3.337352e-03
82                                    0345gmt11nov2009  3.281977e-03
83                                            01時をお知らせ  3.237131e-03
84                                              012010  3.187490e-03
85                                           012110385  3.172864e-03
86                                               00per  3.154487e-03
87                                                0016  3.110529e-03
88                                          0202201002  3.079047e-03
89                                                 037  2.973331e-03
90                                                0206  2.947304e-03
91                                                0158  2.913993e-03
92                                              0406da  2.850003e-03
93                                              044172  2.814047e-03
94                                             00付近に彼が  2.804375e-03
95                                             02n2uoj  2.720218e-03
96                                              014153  2.694622e-03
97                                                0006  2.668469e-03
98                                                 01元  2.635714e-03
99                                 0128gmtsunday08nov9  2.616722e-03
100                                             010810  2.612003e-03
101                                               0330  2.569292e-03
102                                               0420  2.540020e-03
103                                00までに帰宅はマスト事項となりました  2.528704e-03
104                                           01001011  2.508844e-03
105                                           01dfunzy  2.494507e-03
106                                             00までの間  2.450839e-03
107                                              01nov  2.432516e-03
108                                           00012329  2.427036e-03
109                                           03aと並べると  2.420816e-03
110                                                00a  2.416568e-03
111                                                032  2.409467e-03
112                                             03e256  2.402444e-03
113                                                00h  2.382937e-03
114                                               0209  2.333987e-03
115                                               02am  2.312625e-03
116                                             007620  2.286990e-03
117                                             007623  2.223467e-03
118                                              01732  2.203890e-03
119                                               0402  2.178751e-03
120                                               0200  2.175173e-03
121                                        00101010101  2.118844e-03
122                                                01位  2.106752e-03
123                                            0027155  2.080939e-03
124                                             000mph  2.071941e-03
125                                           00006352  2.056530e-03
126                                               0415  2.031612e-03
127                                               00am  2.030867e-03
128                                                038  2.004922e-03
129                                           01原題タイトル  2.004782e-03
130                                           00a2336s  2.004694e-03
131                                                002  2.000694e-03
132                                               0122  1.955479e-03
133                                            015oiko  1.935153e-03
134                                          00頃アキバ着く筈  1.920343e-03
135                                           00013852  1.919624e-03
136                                            0292138  1.899574e-03
137                                           00008490  1.866166e-03
138                                              00k00  1.844111e-03
139                                               001g  1.821042e-03
140                                           00112358  1.820390e-03
141                                        03eadrbjyrq  1.765598e-03
142                                       010110101010  1.759818e-03
143                                      0151000090427  1.736040e-03
144                                                00k  1.726096e-03
145                                               003k  1.712712e-03
146                                              03457  1.674261e-03
147                                            002l929  1.658220e-03
148                                            0422gmt  1.653853e-03
149                                              02009  1.635788e-03
150                                           00000018  1.617056e-03
151                                           01_carol  1.612195e-03
152                                          020210blm  1.599497e-03
153                       033010_strat_varietyhour_700  1.550702e-03
154                                               0430  1.545200e-03
155                                             007420  1.544452e-03
156                                                022  1.525537e-03
157                                           00011873  1.519511e-03
158                                                01r  1.503702e-03
159                                             005284  1.501578e-03
160                                           00000450  1.484992e-03
161                                               00ef  1.466569e-03
162                                           01101100  1.452393e-03
163                                           00arusha  1.447994e-03
164                                              01453  1.440934e-03
165                                             02msjj  1.406171e-03
166                                               0110  1.397196e-03
167                                             0347ed  1.372085e-03
168                                             007624  1.368141e-03
169                                               01so  1.364724e-03
170                                               0423  1.356460e-03
171                                           00005754  1.344382e-03
172                                              00uhr  1.343432e-03
173                                             007619  1.323709e-03
174                                      000円で欲しい人居ますか  1.304175e-03
175                                                031  1.273119e-03
176                                                015  1.257482e-03
177                                          007wisdom  1.254320e-03
178                                             03xtnw  1.245390e-03
179                                             007540  1.230433e-03
180                                             01em00  1.227620e-03
181                                               0003  1.214435e-03
182                                                00น  1.212238e-03
183                                               00km  1.198584e-03
184                                         0049546883  1.185685e-03
185                                             005371  1.175836e-03
186                   00はユーザーによるバグの洗い出しだったので評判悪かったですねｗ  1.167333e-03
187                                         0114041907  1.158258e-03
188                                                02z  1.124848e-03
189                                                01b  1.091227e-03
190                                                006  1.084209e-03
191                                               03pm  1.044108e-03
192                                             007625  1.031052e-03
193                                               0084  1.017463e-03
194                                              00784  1.014243e-03
195                                              01479  9.872778e-04
196                                                00s  9.709117e-04
197                                              01sec  9.683536e-04
198                                           01100101  9.642999e-04
199                                              036f2  9.634421e-04
200                                         0302201001  9.581034e-04
201                                             032651  9.541779e-04
202                                             000945  9.469121e-04
203                                                021  9.456922e-04
204                                             002403  9.287011e-04
205                                                020  9.078260e-04
206                                             021104  9.068876e-04
207                                0326gmtsun08nov2009  9.019323e-04
208                                           00000075  8.980265e-04
209                                             02514w  8.900079e-04
210                                             000099  8.882266e-04
211                                             007577  8.765191e-04
212                                             007626  8.749978e-04
213                                             01ffe2  8.559668e-04
214                                                045  8.534873e-04
215                                           00054179  8.527511e-04
216                                             0205f0  8.461890e-04
217                                             03pqdj  8.329773e-04
218                                           03slide1  7.960530e-04
219                                             000920  7.802397e-04
220                                              00003  7.761028e-04
221                                             03a5fr  7.756817e-04
222                                               0117  7.408121e-04
223                                             0491ij  7.314227e-04
224                                       00からtopcoder  7.309190e-04
225                                            0412gmt  7.287423e-04
226                                               0009  7.283010e-04
227                                        02eyedkqrvg  7.227059e-04
228                                              00der  7.201704e-04
229                                             001ioa  7.192522e-04
230                                             022035  7.136676e-04
231                                             008558  7.089987e-04
232                                    0011afc7_medium  7.041180e-04
233                                              00456  6.918555e-04
234                                               008s  6.872916e-04
235                                 03aでブラウザ上げる必要なくなった  6.864250e-04
236                                       000100001732  6.776380e-04
237                                               0345  6.696789e-04
238                                   000o____________  6.632136e-04
239                                               00開始  6.601209e-04
240                                           03時をお知らせ  6.466214e-04
241                                              0431c  6.459658e-04
242                                              008gk  6.419611e-04
243                                    0011b8a6_medium  6.360966e-04
244                                                003  6.280288e-04
245                                          00を使った世界初  6.233495e-04
246                                             020817  6.143942e-04
247                                            000ちょい也  6.019974e-04
248                                       003214672754  5.945210e-04
249                                              012th  5.796223e-04
250                                              03x06  5.592451e-04
251                                             012720  5.570585e-04
252                                             01b77f  5.475501e-04
253                                            03yp2mj  5.457055e-04
254                                           00着になってて  5.418992e-04
255                                             002313  5.369654e-04
256                                   0000445ad80dac52  5.260416e-04
257                                            0003231  5.149060e-04
258                                             00d639  5.146275e-04
259                                          025798495  5.043495e-04
260                                            000sten  4.995470e-04
261                                             010210  4.900099e-04
262                                              04355  4.818151e-04
263                                               00です  4.812454e-04
264                                           01101001  4.782198e-04
265                                           01101110  4.775685e-04
266                                             002253  4.705838e-04
267                                             006651  4.652133e-04
268                                              01397  4.632923e-04
269                                                 03  4.555122e-04
270                                             02502w  4.441750e-04
271                                        03162009101  4.230904e-04
272                                                044  4.178481e-04
273                                             012685  4.169093e-04
274                                              000th  4.167205e-04
275                                                03b  4.126457e-04
276                                                036  4.116547e-04
277                                               01です  4.100302e-04
278                                             04042w  4.056003e-04
279                                              00rws  4.051508e-04
280                                             012210  4.032271e-04
281                                             000076  3.979625e-04
282                                               0304  3.910486e-04
283                                                013  3.908003e-04
284                                             007558  3.803285e-04
285                                             02d923  3.787063e-04
286                                            0110110  3.785552e-04
287                                           00009859  3.781071e-04
288                                0145gmtsunday08nov9  3.560913e-04
289                                                023  3.524874e-04
290                                           01disney  3.488928e-04
291                                             04723w  3.472523e-04
292                                           00001943  3.458187e-04
293                                             007628  3.421835e-04
294                                           01100110  3.379818e-04
295                                              00_07  3.308052e-04
296                                        03aを持ち始めてから  3.212897e-04
297                                            0424gmt  2.965910e-04
298                                                00頃  2.929902e-04
299                                         0402201001  2.864618e-04
300                                       00の記憶が御座いません  2.826163e-04
301                                         00までお待ち下さい  2.764307e-04
302                                   0102ada1fd37eb9a  2.710648e-04
303                                             000014  2.669437e-04
304                                         02の人が可愛すぎる  2.656441e-04
305                                              000mw  2.594521e-04
306                                         0159495506  2.570278e-04
307                                                028  2.533672e-04
308                                               0118  2.505973e-04
309                                               03am  2.479978e-04
310                                               0312  2.468395e-04
311                                             032619  2.432463e-04
312                                               0029  2.429305e-04
313                                             021096  2.428380e-04
314                                             005480  2.391016e-04
315                                                007  2.361028e-04
316                                             02fd7j  2.235941e-04
317                                            049b4tj  2.181219e-04
318                                              02290  2.151453e-04
319                                   000円の帰りの便が満席でやめた  2.142695e-04
320                                              02121  2.135866e-04
321                                    03は基本phs接続で使うんで  2.131363e-04
322                                           00008545  2.131341e-04
323                                               0004  2.085630e-04
324                                           00005723  2.076714e-04
325                                             02p06v  2.054469e-04
326                                                049  2.027820e-04
327                                           000w0bkt  2.012288e-04
328                                               0301  2.008092e-04
329                                               01月号  1.975421e-04
330                                   00って進むのかと思ったら来週は  1.974027e-04
331                                         0000028831  1.952452e-04
332                                              000円に  1.922806e-04
333                                             025203  1.916363e-04
334                                                019  1.883921e-04
335                                             0000ff  1.880866e-04
336                                             02xe2j  1.829602e-04
337                                             049zhj  1.799130e-04
338                                           00092077  1.781182e-04
339                                                040  1.741442e-04
340                                               0123  1.705653e-04
341                                           00092591  1.703759e-04
342                                        03162009092  1.690304e-04
343                                               0049  1.685359e-04
344                                             02zchj  1.683838e-04
345  011210_web_host_liquid_web_offers_on_demand_cl...  1.671215e-04
346                                            0448gmt  1.658307e-04
347                                              00020  1.648652e-04
348                                             008657  1.592732e-04
349                                           00053571  1.568900e-04
350                                         00vorrunde  1.528577e-04
351                                            0436206  1.513723e-04
352                                               028b  1.504365e-04
353                                              000x2  1.498699e-04
354                                            0243226  1.466042e-04
355                                             013010  1.437038e-04
356                                             010610  1.433912e-04
357                                             000ste  1.431706e-04
358                                           00014940  1.392270e-04
359                                0325gmtsun08nov2009  1.380106e-04
360                                             00213a  1.366840e-04
361                                              02420  1.351156e-04
362                                               0030  1.347350e-04
363                                             00yo00  1.345411e-04
364                                             000pts  1.331912e-04
365                                             001823  1.308354e-04
366                                                 02  1.269347e-04
367                                             001117  1.249785e-04
368                                       00144feabdc0  1.224879e-04
369                                              00bid  1.219214e-04
370                                    000円近く持ってかれましたし  1.217051e-04
371                                               010月  1.192699e-04
372                      00に申し込んだのにファイナルもブルハチの日もとれなかった  1.178446e-04
373                                           00012684  1.168894e-04
374                                              000円か  1.160829e-04
375                                      0337gmt08nov9  1.140285e-04
376                                          021010tom  1.094739e-04
377                                              047d9  1.080580e-04
378                                               02ct  1.073304e-04
379                                          000円ってお前ｗ  1.003076e-04
380                                               000x  9.882363e-05
381                                           00006498  9.847193e-05
382                                              0000_  9.788539e-05
383                                           01100011  9.267400e-05
384                                            000euro  9.245696e-05
385                                               0025  8.813294e-05
386                                               0043  8.751867e-05
387                                             012410  8.391777e-05
388                                         0163478634  8.371516e-05
389                                        03162009108  8.247959e-05
390                                             02vv7u  8.205555e-05
391                                              0368i  8.198220e-05
392                                           000plays  8.144345e-05
393                                           00001577  8.123102e-05
394                                               0045  8.088162e-05
395                                           00000148  8.081278e-05
396                                             000usd  7.853560e-05
397                                        00djseven00  7.822055e-05
398                                       020000cl9niw  7.523724e-05
399                                              040n1  7.453718e-05
400                                           00007425  7.392308e-05
401                                             008616  7.294821e-05
402                                           00013866  7.261164e-05
403                                         0203309776  7.250932e-05
404                                           00002858  7.111793e-05
405                                    000円くらいになりませんかね  7.108080e-05
406                                              00208  7.095670e-05
407           0110010101100001011100100111010001101000  6.950398e-05
408                                             04712w  6.822997e-05
409                                             00まで佐原  6.797380e-05
410                                              047gv  6.541386e-05
411                                                012  6.466118e-05
412                                          00episode  6.412132e-05
413                                                001  6.337840e-05
414                                                018  6.245637e-05
415                                             017659  6.211006e-05
416                                             002890  6.146222e-05
417                                      0342gmt08nov9  6.144871e-05
418                                               0469  6.080373e-05
419                                0132gmtsunday08nov9  6.015999e-05
420                                             005377  6.001113e-05
421                                               0212  5.973591e-05
422                                              00403  5.818290e-05
423                                             011010  5.774722e-05
424                                         00siesie00  5.686202e-05
425                                              02359  5.654547e-05
426                                          00genesis  5.602926e-05
427                                             00amet  5.530114e-05
428                                           01022010  5.523473e-05
429                                             03248w  5.488541e-05
430                                                 04  5.465092e-05
431                                              03x01  5.287512e-05
432                                             043d42  5.250132e-05
433                                              01635  5.237818e-05
434                                               0000  5.201902e-05
435                                         0202201001  5.149604e-05
436                                            00にまた予約  5.102458e-05
437                                               048m  5.020330e-05
438                                             002895  4.998926e-05
439                                            01viral  4.985999e-05
440                                             007627  4.979255e-05
441                                              03zsf  4.919583e-05
442                                              000mp  4.822379e-05
443                                              00029  4.798550e-05
444                                        00601510840  4.736517e-05
445                                               00の間  4.629294e-05
446                                               02pm  4.488954e-05
447                                             00d6aa  4.430735e-05
448                                    029763824707201  4.379087e-05
449                                               01st  4.349096e-05
450                                               0358  4.344546e-05
451                                             010410  4.299277e-05
452                                             004194  4.288216e-05
453                                              0055w  4.234484e-05
454                                           00054100  4.159164e-05
455                                               0223  4.154706e-05
456                                             012703  4.141175e-05
457                                               0100  4.052502e-05
458                                             00pmet  4.018113e-05
459                                             000hrs  3.985655e-05
460                                           00000024  3.920257e-05
461                                             045c86  3.881965e-05
462                                              02451  3.860195e-05
463                                               0039  3.851218e-05
464                                             025767  3.833006e-05
465                                           02時をお知らせ  3.804340e-05
466                                               0001  3.774798e-05
467                                               0317  3.767491e-05
468                                         02_sexc_29  3.753251e-05
469                                                004  3.721221e-05
470                                             040595  3.714417e-05
471                                0150gmtsun08nov2009  3.712918e-05
472                                             002891  3.598246e-05
473                                           00000029  3.585113e-05
474                                   02320eb7dec97020  3.542669e-05
475                                              000なう  3.475659e-05
476                   00よりnhkの爆笑問題の番組にで長尾真先生出られるとのメールが  3.365950e-05
477                                                017  3.290792e-05
478                                               02e5  3.234554e-05
479                                             03blpn  3.211578e-05
480                                            0400gmt  3.206882e-05
481                             03wnpklbm57h0dpmnbfl1t  3.170848e-05
482                                              00sem  3.147694e-05
483                                             02t3f5  3.110214e-05
484                                             000yen  3.090946e-05
485                                                 00  3.077732e-05
486                                               0300  3.021246e-05
487                                             006916  3.018334e-05
488                                           00014966  3.002939e-05
489                                               0090  2.999578e-05
490                                                026  2.994955e-05
491                                               001s  2.965256e-05
492                                           00000111  2.925362e-05
493                                                010  2.896286e-05
494                                                025  2.866198e-05
495                                              008ph  2.844272e-05
496                                             007537  2.725670e-05
497                                                00l  2.708942e-05
498                                                02p  2.699790e-05
499                                           0027qcty  2.673012e-05
500                                              01x04  2.648707e-05
501                                              00uur  2.546941e-05
502                                           00013442  2.544502e-05
503                                        042n0n1ndp8  2.520682e-05
504                                          022564300  2.485131e-05
505                                              03060  2.363608e-05
506                                      0011bf2e_medi  2.350295e-05
507                                               0111  2.335405e-05
508                                             012810  2.324267e-05
509                                           01000101  2.301468e-05
510                                         0345407997  2.284109e-05
511                                         0437248585  2.283623e-05
512                                             002154  2.280843e-05
513                                             020610  2.278147e-05
514                                               0201  2.273781e-05
515                                                016  2.243615e-05
516                                             031484  2.226068e-05
517                                             000円なり  2.223363e-05
518                                            00開演っぽい  2.220317e-05
519                                         000円を超えている  2.213253e-05
520                                              000er  2.178151e-05
521                                               000s  2.130062e-05
522                                         0102201001  2.117009e-05
523                                         0178566445  2.104805e-05
524                                                02b  2.085403e-05
525                                             02d1pj  2.046850e-05
526                                             03815w  1.974271e-05
527                                      03g64rccib5pt  1.961713e-05
528                                             03zn84  1.893037e-05
529                                             002893  1.872049e-05
530                                               0424  1.860030e-05
531                                           00000001  1.757865e-05
532                                                039  1.748752e-05
533                                0125gmtsunday08nov9  1.745433e-05
534                                   000円くらいにならなかったのか  1.604816e-05
535                                               02ms  1.581466e-05
536                                               0230  1.580584e-05
537                                         0402201004  1.572643e-05
538                                             022109  1.570857e-05
539                                               0101  1.564076e-05
540                                                047  1.561099e-05
541                                           00013415  1.555798e-05
542                                             02515w  1.546347e-05
543                                           00054127  1.543529e-05
544                                            0410gmt  1.538213e-05
545                                             026ba6  1.533797e-05
546                                             03brzw  1.527101e-05
547                                              03aが1  1.517859e-05
548                                               0024  1.514439e-05
549                                                042  1.512949e-05
550                                            0122gmt  1.511505e-05
551                                               0075  1.510673e-05
552                                             02c7c6  1.504138e-05
553                                           00027612  1.500318e-05
554                                             038a0b  1.498654e-05
555                                                046  1.496360e-05
556                                               0169  1.466551e-05
557                                      0352gmt08nov9  1.450572e-05
558                                             02cce0  1.444736e-05
559                                           00007404  1.430221e-05
560                                       00までってかいてあって  1.426106e-05
561                                             020200  1.419375e-05
562                                              0200u  1.418731e-05
563                                             008419  1.403719e-05
564                                        030hkszcnuo  1.401646e-05
565                                             02fees  1.401395e-05
566                                           04634882  1.363196e-05
567                                               0327  1.354741e-05
568                                          000程度あるので  1.350606e-05
569                                           00過ぎからhi  1.339219e-05
570                                                027  1.275355e-05
571                                              00est  1.264923e-05
572                                       010fixedgear  1.263039e-05
573                                             046305  1.255781e-05
574                                             0337ld  1.211965e-05
575                                               0207  1.203939e-05
576                                           00008736  1.183329e-05
577                                           00000538  1.149108e-05
578                                         00tinman00  1.126615e-05
579                                               025w  1.075694e-05
580     048a5bef41134e8c9cdea9a1225ccdd8a4549c052648d7  8.300740e-06
581                                       03aアップデート負け組  8.056959e-06
582                                                01g  7.954881e-06
583                                              000us  7.892859e-06
584                                               000円  7.853418e-06
585                                           00098528  7.838393e-06
586                                       000円なんて誤差ですよ  7.819405e-06
587                                           00008696  7.807058e-06
588                                           04501040  7.803079e-06
589                                      040109country  7.787435e-06
590                                             02ee61  7.747278e-06
591                                                005  7.744487e-06
592                                             012697  7.717561e-06
593                                             02497w  7.700544e-06
594                                    0280cbb8710f7b7  7.696231e-06
595                                            0420gmt  7.655265e-06
596                                          012010val  7.646136e-06
597                                               0338  7.617475e-06
598                                             002897  7.612229e-06
599                                             02503w  7.566985e-06
600                                           01110101  7.549618e-06
601                                           010ff2ff  7.486923e-06
602                                                029  7.436409e-06
603                                                009  7.379189e-06
604                                               0114  7.324065e-06
605                                               02km  7.319815e-06
606                                           00000003  7.223724e-06
607                                                024  7.123500e-06
608                              00でヨッピーの最後の一言しか聞けなかった  6.988525e-06
609                                              00に終了  6.968127e-06
610                                             01e5c2  6.755371e-06
611                                           00001862  6.744161e-06
612                                              01244  6.678486e-06
613                                                03a  6.560213e-06
614                           000通のスパムメールを振り分ける仕事を始めるお  6.518474e-06
615                                         01aと同じサイズか  6.451680e-06
616                                              04092  6.372649e-06
617                                           04_of_40  6.127468e-06
618                                           00100000  6.059972e-06
619                                               0023  6.058087e-06
620                                                014  5.786034e-06
621                                         00は朝じゃないのか  5.651454e-06
622                                             006663  5.572068e-06
623                                               0142  5.459519e-06
624                                              035vp  5.364051e-06
625                                           00014928  4.378560e-06
626                                             005470  4.092682e-06
627                                             021114  4.049933e-06
628                                             020110  4.114505e-07
629                                             007505  4.059836e-07
630                                                048  2.941685e-07
631                                         0102201002  2.230881e-07
632                                             000000  0.000000e+00
633                                           0402sgrl  0.000000e+00
634                                             04722w  0.000000e+00
635                                            0286272  0.000000e+00
636                                             04708w  0.000000e+00
637                                             04705w  0.000000e+00
638                                               0419  0.000000e+00
639                                            0335hrs  0.000000e+00
640                                         0402201002  0.000000e+00
641                                           00000519  0.000000e+00
642                                              00001  0.000000e+00
643                                                033  0.000000e+00
644                                                03w  0.000000e+00
645                                                02q  0.000000e+00
646                                                030  0.000000e+00
647                                              00002  0.000000e+00
648                                             03ed41  0.000000e+00
649                                          030vriend  0.000000e+00
650                                             03a1ba  0.000000e+00
651                                        03162009094  0.000000e+00
652                                             032283  0.000000e+00
653                                           00009858  0.000000e+00
654                                                035  0.000000e+00
655                                        025beu8alls  0.000000e+00
656                                          003361002  0.000000e+00
657                                           00028311  0.000000e+00
658                                          025798494  0.000000e+00
659                                             010026  0.000000e+00
660                                           01000000  0.000000e+00
661                                                 01  0.000000e+00
662                                           00時をお知らせ  0.000000e+00
663                                             001138  0.000000e+00
664                                    0011ace4_medium  0.000000e+00
665                                   00年北大一次学运中发生过这种事  0.000000e+00
666                                               00から  0.000000e+00
667                                               00xy  0.000000e+00
668                                             001adf  0.000000e+00
669                                                00u  0.000000e+00
670                                              00lkr  0.000000e+00
671                                               00in  0.000000e+00
672                                              00hw1  0.000000e+00
673                                              00hrs  0.000000e+00
674                                   00224zr7fpc0ttz1  0.000000e+00
675                                                00c  0.000000e+00
676                                               00bh  0.000000e+00
677                                           007tammy  0.000000e+00
678                                             002554  0.000000e+00
679                                         007streets  0.000000e+00
680                                             007622  0.000000e+00
681                                             007557  0.000000e+00
682                                         0073735963  0.000000e+00
683                                              00700  0.000000e+00
684                                               0064  0.000000e+00
685                                     00400000058070  0.000000e+00
686                                            000円は安い  0.000000e+00
687                                               0119  0.000000e+00
688                                            000円でお得  0.000000e+00
689                                                01w  0.000000e+00
690                                             025760  0.000000e+00
691                                            024x768  0.000000e+00
692                                             02498w  0.000000e+00
693                                           00053500  0.000000e+00
694                                              02177  0.000000e+00
695                                          021610bon  0.000000e+00
696                                              02130  0.000000e+00
697                                             021181  0.000000e+00
698                                             021155  0.000000e+00
699                                              02010  0.000000e+00
700                                              000km  0.000000e+00
701                                             003093  0.000000e+00
702                                        01qpo7zk7gm  0.000000e+00
703                                             011bb7  0.000000e+00
704                                               01ea  0.000000e+00
705                                             01af4f  0.000000e+00
706                                              01810  0.000000e+00
707                                              0177e  0.000000e+00
708                                             017406  0.000000e+00
709                                              01701  0.000000e+00
710                                              01684  0.000000e+00
711                                         000webhost  0.000000e+00
712                                               0151  0.000000e+00
713                                             012832  0.000000e+00
714                                           000人住院治疗  0.000000e+00
715                                             012610  0.000000e+00
716                                              02006  0.000000e+00